0.960259938151689	0.737523740221720	0.717473818001798	0.990106931938841	0.795858486790105	0.650508789187350	0.796751419775717
0.150564705162656	0.149472048962704	0.322585099817743	0.137987628206859	0.327950144426019	0.148506205352055	0.113817179634133
0.267917907216749	0.163962848538967	0.236662699595193	0.198972796190007	0.333515240315686	0.172042618008473	0.158824298675419
0.446938585537882	0.383379320497479	0.429590035883759	0.438305841310881	0.527044376959759	0.363402731445243	0.355828116252427
0.729125521818627	0.771638783371446	0.802909192820424	0.863942064220507	0.899647664868564	0.950557778650324	0.847758564395726
0.601445746283289	0.863306333476271	0.732310661156107	0.585442858688872	0.642085750145141	0.675036593928802	0.582781196988989
0.229988979453118	0.752098200706958	0.166109768611371	0.209780941040162	0.143647858783099	0.175316484836994	0.586177665240051
0.893047918724057	0.925142054548707	0.929445394902021	0.943182163187827	0.957012694818096	0.957426734446576	0.925837988949836
0.831220690302768	0.660141642297270	0.910858062817397	0.683243739881666	0.899610903878012	0.648663168237876	0.575078267707539
0.00353175963935034	0.00617510544699021	0.00319866930976832	0.00473708963176978	0.00308697022459028	0.00400694055515704	0.00997739496020689
0.971898179309665	0.900652287418470	0.918698844452150	0.919302569895846	0.910470537465162	0.791024661891119	0.809377285817869
0.742109119259170	0.770957133033435	0.794069932280682	0.516096133726313	0.557543535000843	0.718212356899512	0.608808359591158
0.584216883408279	0.590432754408490	0.993006640450891	0.476705872007631	0.654337751094764	0.665918260407594	0.479913680376225
0.188036699309317	0.755900811128050	0.212651492075949	0.235267500406880	0.200939846423037	0.286895841634895	0.268440158291067
0.274436343180052	0.319437982055512	0.572328951468318	0.235469662311294	0.314765585652005	0.442784940415088	0.258096383995900
0.601768783259765	0.487880606242896	0.598672708564830	0.527464684390566	0.643676117704746	0.520062914299581	0.481009535929008
0.150283763265309	0.162159112820911	0.141195506136731	0.186760446401605	0.150078583163563	0.169269331006349	0.227341483977128
0.0603815840449515	0.0417642520308340	0.0409690788293990	0.106034872373630	0.0574855680129250	0.0378552068976628	0.0486022982418921
0.171682668062026	0.159245352978126	0.268231207565259	0.174987805407273	0.383997625660264	0.256952975786031	0.169241814542259
0.348845902465684	0.268046260965106	0.433858539228425	0.292401630411751	0.478890340227083	0.311499062666506	0.258446307750630
0.101864075760451	0.698206278097996	0.122579633226453	0.104171523354264	0.0896057781801593	0.143380491076040	0.197910057556161
0.617342971330264	0.565932943730157	0.609603045752133	0.659713922092101	0.674737490026349	0.596043467620905	0.605693064183021
0.932052869187682	0.887493140666117	0.601826385954501	0.816119141868635	0.546560390563279	0.546027087483835	0.823703645379920
0.980288412949854	0.916127690485819	0.964169003239346	0.905641328469670	0.945210492535066	0.829365244640527	0.810614962671604
0.720857371659062	0.722571289165016	0.658546099607499	0.846998307457581	0.717396942627490	0.693226165017252	0.802237016029934
0.870774077129384	0.823314533457870	0.905384970591935	0.848515519574187	0.940396597411596	0.743858713792472	0.708113376406747
0.891881069965433	0.706443352858071	0.652186866773004	0.961514656843595	0.760706955104378	0.657086676693171	0.859377854303028
0.746275095770331	0.786666382889986	0.937423718229177	0.709293219255307	0.848740592515514	0.998231335774374	0.781084518001382
0.169547100842996	0.617513182961710	0.151497249039645	0.164481939636605	0.131278287045246	0.155360310188841	0.203796851047344
0.956525363569041	0.934705924345775	0.935052424414711	0.982519259846930	0.988728952381711	0.987718001000394	0.993343249930919
0.0454607559315189	0.102439182921673	0.0419916210446263	0.0453872629476763	0.0349464974516072	0.0468754292427372	0.0936245282198501
0.660847074552354	0.666950137185300	0.743100306433666	0.644795994069830	0.719720293201314	0.730398662190733	0.650618543907727
0.196622232865837	0.197289992274836	0.259995046728947	0.205353792956852	0.282182944700750	0.344592667902776	0.215176526117364
0.323625406615845	0.224420443460332	0.235713434135334	0.300178915759467	0.266655809941694	0.210809742018203	0.243873102142320
0.245168855250777	0.598138204338879	0.262138080903756	0.255260891361430	0.210218131588329	0.266965947531581	0.339687805074701
0.247494262977663	0.227821572033425	0.328257572680873	0.230790369747461	0.351716619320071	0.237483307765058	0.197862340505416
0.550512042181157	0.412057076764103	0.343400437841438	0.635921610345800	0.377700732958998	0.335403411201246	0.506833376635887
0.901839217284600	0.927182466797741	0.824329821402508	0.919534265168555	0.806754634219606	0.835370059485693	0.950757982745890
0.156540294769873	0.171845969424194	0.140835847014706	0.202269709240208	0.150818983926228	0.186200249822223	0.394607218303451
0.363366565182792	0.687391625311147	0.424419462948442	0.409961086582497	0.353420736158701	0.546176404652988	0.584464840318106
0.825026509743039	0.665181365385439	0.618994411784174	0.667117013089470	0.623220237681760	0.555809396814596	0.606537245952291
0.879319535393591	0.906627492800261	0.895941946451813	0.568805190941460	0.598161738344191	0.817559741850294	0.714642867087912
0.248097300006113	0.604499831194821	0.271025030143724	0.264310075797854	0.219566031765220	0.307045441855618	0.401536353789315
0.868394172054904	0.878363503793399	0.892783411196643	0.757002724100748	0.765358710253285	0.871752429801803	0.858691021937975
0.915921149455366	0.902747029116578	0.895137561468291	0.898242438838525	0.883739500728401	0.901409450955677	0.920484982161385
0.375146862419349	0.372283907591187	0.340666550194885	0.660320659147621	0.473636558585264	0.487251319191762	0.750838889493125
0.433855456257609	0.255594759932750	0.313621977565181	0.387112561547052	0.450992691575726	0.263216668217427	0.285591705194893
0.879016076557661	0.996240266198232	0.985964403087216	0.814461098066944	0.871694952636826	0.873307616909272	0.796815787888053
0.0799614239600469	0.175916962900253	0.0904313104262357	0.0875971943717973	0.0744383816973010	0.118067301921215	0.142765830129545
0.474667150224370	0.548101186656518	0.691534768137102	0.488289070640379	0.607384649140953	0.728380978336682	0.504550190608271
0.729266451747820	0.589817583141626	0.711497519118177	0.669924745771809	0.817057391723625	0.648827475052452	0.610687951481901
0.791229203872634	0.744919293374513	0.751101122632662	0.821701805892901	0.813307445495501	0.683167276485791	0.703796735351530
0.319515184913634	0.342515378140974	0.420426798198518	0.361738152314121	0.449651292547791	0.573560984576559	0.383339931019849
0.760585130097392	0.717984844297916	0.752321612538814	0.747119510882385	0.762712376208687	0.728299615785573	0.728683436587994
0.811366319691526	0.949794033789321	0.766057339416629	0.950800279387706	0.881585812046016	0.818154386735630	0.887284680027887
0.0754936764500711	0.0535009309414391	0.0316567328740616	0.0554505293790158	0.0319065419460583	0.0318046675775453	0.0558483212688232
0.319590573488323	0.152480190236431	0.120124496657452	0.147299294380314	0.114863157416859	0.108355428565395	0.138216342567174
0.814754713627144	0.812744451069274	0.819843096095607	0.816354185507787	0.805486118843460	0.844629888979943	0.863064978725380
0.391938618464275	0.414508287387609	0.531274358590505	0.422867764560243	0.554141018061294	0.595330403910808	0.421746482549435
0.572543971507857	0.496032561255025	0.810993126117383	0.469678852286496	0.739784571161143	0.511877905964150	0.411314174537886
0.948812976084079	0.954025788912200	0.993887088140165	0.915657996971196	0.956596109368748	0.998753643353738	0.959141340568648
0.538319822343792	0.538041740543187	0.439953357135739	0.652668992462123	0.474139606598025	0.511968042968697	0.750245292973041
0.946224246934090	0.908246458174233	0.901205944086364	0.916568506787849	0.895844809643393	0.942976072768650	0.980997114259686
0.238827493985201	0.211874228567968	0.294171022922891	0.264291497724199	0.558267479658278	0.290314552079464	0.233515805625746
0.0930680107371334	0.0807749555904702	0.104640767832107	0.104161789287621	0.197947576905115	0.113079886679018	0.0962267612082910
0.374306218727618	0.302855291375333	0.359362389382977	0.441496201003542	0.615139563107596	0.366812806758238	0.384582199218900
0.539439289340819	0.544425408094067	0.522520027727608	0.518278987784323	0.504173003077594	0.487832950588824	0.500272550942528
0.668766118786465	0.562859426507127	0.699478820276927	0.568402057364876	0.683173191301469	0.650593700624369	0.570255868872406
0.989857487044029	0.941162002898362	0.989449228390933	0.946817648670773	0.996508544946857	0.991818000919335	0.976631596742213
0.262890291801986	0.386056140480455	0.290075334135025	0.299878207382078	0.258514904476182	0.435720736292983	0.492855181015119
0.442820520252256	0.388080034679408	0.626012128320628	0.402039716274172	0.655726643300948	0.563345295235280	0.400882866391995
0.883439582668180	0.985383318288386	0.880273536553832	0.997192965151468	0.957964329804842	0.997124140915024	0.994990261820298
0.372628319814277	0.290985905376469	0.563564118775504	0.296888162108275	0.604218495776440	0.338527560828464	0.260998008345242
0.397822890906467	0.470841676711096	0.401444136701797	0.724093359919414	0.484271707287265	0.647198362052039	0.665324710740160
0.831649614711362	0.823578749399798	0.729140638777229	0.954136133730071	0.824683558356117	0.816147683462330	0.964256616169518
0.498078428834119	0.389184723073813	0.338570740115243	0.693620198221338	0.416233259707456	0.373345751757386	0.671151036378406
0.379686144666127	0.272925718643176	0.333848094631458	0.395872216901527	0.487469456230090	0.288678608652365	0.299174856434414
0.836537535079184	0.536511581220498	0.735109231850945	0.612943009014531	0.843184337336560	0.583152090410332	0.531126526815322
0.00232276937034361	0.00136153657362121	0.00125904678649098	0.00385436060115547	0.00151707314708403	0.00110444847029004	0.00146317517242300
0.677504279962281	0.902957781256709	0.640744786092616	0.667212831894749	0.552908292724613	0.683379600134223	0.883788809402268
0.343484576026570	0.357124647093338	0.365970965165124	0.395704224902147	0.406464994051669	0.418259395402794	0.404383857307768
0.308727307822258	0.267108595254821	0.317237078523999	0.313361178403497	0.368578282105815	0.314815405690400	0.301205586513473
0.879809916790545	0.941037916038112	0.919407457402245	0.876905533362117	0.872717963719107	0.970103043388214	0.950581591408450
0.354540207058943	0.708492408697866	0.503320410411776	0.353895834716587	0.374964793231070	0.801474449681538	0.460648193206215
0.933422999415033	0.246742777563342	0.279436497707530	0.618467572527050	0.377133949172598	0.228720876119428	0.287647511041730
0.0961315844887666	0.0921504401970249	0.188019855371924	0.0940868014471234	0.266494421747793	0.127757906432544	0.0846266385763814
0.582280688111604	0.713866068473719	0.956376178077085	0.531329270985779	0.687977408178565	0.970283155607521	0.582181335168515
0.160140995258225	0.176791542975538	0.200031511210185	0.135644993986070	0.156136933572588	0.210978660359700	0.153068697443093
0.0613935623393430	0.0655896895861311	0.0485867098431167	0.0870477995002788	0.0548590897657148	0.0516210580953129	0.0730943061694905
0.644015080176979	0.571249711505274	0.675042663285054	0.573907085995615	0.663008845287348	0.650507027362582	0.580564776830846
0.238575584575190	0.301595404205333	0.278999506696467	0.226364808844196	0.226224687858464	0.321028430791261	0.287014752397109
0.458333438998486	0.475568374079486	0.951504688300616	0.362821843500826	0.528217249445458	0.527313364504052	0.361920084401165
0.514688949469422	0.785105176245016	0.588029228163044	0.587675107995623	0.524633672767859	0.752273405629295	0.724824693820157
0.931499798192499	0.821390181320463	0.881702147704939	0.937828422189788	0.966777688759616	0.839239841239851	0.858311678125839
0.489119257988607	0.334348134270041	0.399562393577077	0.527566392961739	0.612985831987329	0.329304599694512	0.347915686667056
0.593328518916821	0.947110443882770	0.656100416867075	0.527541369202929	0.473598264408751	0.759871367549112	0.961745605325867
0.943694796114010	0.969767120695710	0.903636206758200	0.952220084049590	0.888385453722545	0.897138743205063	0.953569051566716
0.141175830291409	0.233455905669799	0.104356363433514	0.209194862843421	0.108409797365949	0.112239838087590	0.206037376830358
0.563611905988846	0.690810868475710	0.541049228439697	0.637409679808903	0.521166887056156	0.624511892698335	0.768244859070775
0.375556492182614	0.376946424581762	0.301554551314395	0.712059262949569	0.362748295454260	0.355062236980055	0.615531879840537
0.980726676114938	0.953865383903164	0.963006385585628	0.871799642286094	0.875109846245195	0.916350326185838	0.918922487452317
0.591119496901347	0.810521800166187	0.844502227130714	0.482392350588384	0.512720072110485	0.710957213623555	0.602537261209495
0.403435734491695	0.650445291926296	0.440656357305099	0.469519622467507	0.390281512694468	0.597589746912266	0.702138228304602
0.873563093324375	0.873527007395421	0.675341952287593	0.867770881307436	0.643305360092863	0.593172160021184	0.743674955204088
0.407329446318772	0.380294684938229	0.247933089282145	0.450726735074856	0.250566060800562	0.239740740762762	0.385102276784062
0.325279566507744	0.239030410848956	0.304918818582664	0.306664772906395	0.454465724323141	0.260840326873397	0.251503789174940
0.0436094916214872	0.0405769088809145	0.100826845781878	0.0392655096646327	0.0765181828009075	0.0548533116499385	0.0367597374258490
0.712034938356400	0.359751520097391	0.385328486484241	0.639933945223545	0.576171904119877	0.364795101136305	0.472122874247366
0.605124851643449	0.855600890683488	0.990332910887373	0.535233920857042	0.626646351453646	0.972092183493048	0.645072328435394
0.235187770501000	0.246571573261566	0.260669385262674	0.275668143294291	0.282861836763965	0.301150902142118	0.278969940402046
0.394970131009909	0.489182730969436	0.392293129903475	0.441478943365648	0.376083023998626	0.450219588343262	0.517860909872254
0.276245952915964	0.314338425536374	0.334592448743306	0.253109220533616	0.303435502286219	0.291207579699678	0.245666638599838
0.550233044679959	0.358124403299029	0.806373160772421	0.355052884434480	0.553155811028560	0.353022628800577	0.297508174424547
0.578288571324373	0.595002508092476	0.731448355391916	0.616125411035476	0.808863270318633	0.891940113839674	0.650474093241864
0.475600068176527	0.623672149598381	0.466743837762548	0.773239729413132	0.514987379919868	0.720464628687749	0.891393305520928
0.576181164709654	0.888747923100468	0.723932556071291	0.612741794565177	0.582275783280828	0.983759766936022	0.861106466709371
0.135215534341229	0.388324371162297	0.149837983214316	0.160711921735393	0.133210152976415	0.196252890372776	0.209915076762285
0.692858168261514	0.376455829223129	0.316070932043583	0.560901973557615	0.331565190984780	0.282987107920838	0.399093911604274
0.516022535542175	0.989370845381532	0.442955700105183	0.567325197010430	0.388351124473623	0.462265021616875	0.887883023404443
0.402752985427380	0.315672260875849	0.537469725885628	0.299910354768024	0.454352716719366	0.305109630902007	0.256528011903830
0.994405794726562	0.950328547546181	0.940749294258958	0.910572030984646	0.866564769779167	0.894905014158207	0.966801604367428
0.629655324138934	0.507354581089099	0.565381541948696	0.700105101083417	0.756462073403502	0.563309850706431	0.619157352979331
0.166142485488332	0.507088946940664	0.298031886765293	0.138310212747572	0.159625302607608	0.250888183095261	0.165345766530944
0.916944185161052	0.809670262682064	0.891652798111291	0.899379208838717	0.964842592959271	0.843040010224663	0.826199028826719
0.631704161241960	0.678144060399044	0.734637260857620	0.677248879312395	0.758720836468848	0.760289953616434	0.655693101208612
0.777318322719220	0.512847235990564	0.519150453348060	0.840231641322148	0.719358315621865	0.454996946252094	0.546452584058729
0.257312009659376	0.231789495483069	0.237871997261739	0.232802083895356	0.235075579433283	0.251425905595114	0.251329283428934
0.0246841743545793	0.0251932978169826	0.0237634598490543	0.0337520852395152	0.0284098621824113	0.0304827273342229	0.0401563845552436
0.182552269115984	0.285807374001650	0.216290919451679	0.189253487117333	0.179177567447290	0.247299904871043	0.233375412573706
0.672938539709178	0.344017457853979	0.420075993273324	0.616194781367068	0.532546566324156	0.320709522151073	0.361112936249855
0.585671558803146	0.559725060112397	0.626111603878866	0.634211480438716	0.717365854645214	0.694184373406431	0.633455035012366
0.901722773830651	0.927448519648188	0.896981454613235	0.822399247284160	0.799938110156863	0.962105265355999	0.986098096222033
0.310208757914658	0.206514253678926	0.235257745821788	0.243877877843107	0.257759846608545	0.198796637814254	0.207156646144958
0.787944850289885	0.784909619708370	0.897687615743495	0.778340120856793	0.904257956578349	0.874445419733618	0.757083941555770
0.674647229652526	0.939281963832252	0.516527937417358	0.695215643779237	0.486169277019545	0.552252442180875	0.886328109630447
0.477678965880258	0.453141927517422	0.490475527524117	0.572107147527544	0.590315409452578	0.478662698835607	0.472229859496957
0.369114395635134	0.164618098320463	0.197936445210445	0.202282722006537	0.223278001113704	0.153877578520715	0.158913526072725
0.654807829498276	0.897186786820579	0.568727111486249	0.671174648872137	0.509853459126229	0.577979466062670	0.810920785648706
0.655012327317979	0.572815407031511	0.575420142918486	0.502073093262479	0.521441643998237	0.482760902624280	0.476507752716948
0.0661041521272561	0.0643445835084734	0.0593689189112230	0.0937397826336048	0.0727466192793049	0.0739470743471695	0.116287532246184
0.728372957967609	0.836894710704328	0.831849469863201	0.767716705860422	0.778617617518713	0.962745437529562	0.875720612784640
0.704845093122482	0.622076884344144	0.864219854620892	0.676488164364869	0.976450315646198	0.784457986390684	0.635186379463005
0.137605842233615	0.0944024448389992	0.109025471228996	0.157505343292048	0.146814957777817	0.0890650881393128	0.0972813490916307
0.704022476049002	0.699187494873640	0.782542820511135	0.745560572258950	0.860946810563787	0.990497571073199	0.908439456239631
0.0384025013512469	0.0332300251429759	0.0241630438364299	0.0597809997965200	0.0270794849241612	0.0233879582926073	0.0350160215102984
0.0200701588178742	0.0247609443296790	0.0173144632441564	0.0317187228496743	0.0188010294176304	0.0216437700733898	0.0397496941127982
0.971415661984781	0.927454017453145	0.933414656785622	0.937127006712043	0.932963202018102	0.966891477947686	0.988567891226263
0.655630688831840	0.705444377886484	0.857992759985843	0.619762800495323	0.766660764568889	0.982680714813500	0.686181598460337
0.623723939011401	0.687964955888399	0.325870876158795	0.333761895827798	0.259097071273352	0.275073919088504	0.376689192738032
0.300196190807943	0.390405901908702	0.319100400986103	0.460525430838025	0.345827062089991	0.527531694249324	0.504324252798860
0.698490534813732	0.895098670336807	0.667634531543017	0.779720655006604	0.688488826160117	0.695093724694110	0.763495679287094
0.0537408536732270	0.0588287492339395	0.0880695753426426	0.0481080251906354	0.0674184758895942	0.0728141501596740	0.0488747967795120
0.852962886649451	0.808003348000738	0.902089011396710	0.820584727494672	0.916290832475857	0.777887359867460	0.725927656593860
0.950389566364146	0.783512722337449	0.789149785890454	0.865139634908416	0.849337884979725	0.662768251630711	0.701328058598017
0.683216943450839	0.756781504628915	0.904804054006035	0.508899550593567	0.698287594406213	0.563618045760123	0.458890825812503
0.671352787202995	0.589592422956806	0.931185761774686	0.582965115387425	0.895665033414226	0.830018662823750	0.582294808955250
0.266117273762016	0.208794290291991	0.214454821410256	0.355298719849605	0.327404478397245	0.235400298373142	0.339089801284837
0.180856317660331	0.177489369428258	0.228601743967121	0.188248501418417	0.276563995973214	0.210859341746994	0.170625413666577
0.367656074010338	0.431918039542647	0.428264362235185	0.340327893215975	0.357984316553453	0.485461494254496	0.399193403900560
0.581012108351956	0.811020607198680	0.485666502626796	0.749693724021839	0.473196903006811	0.532352812819954	0.919777194544381
0.340339011949009	0.255661056982108	0.474729706923866	0.219504453411232	0.328802033644859	0.360582008246265	0.226045437313252
0.521627380793896	0.343534125542115	0.396705560079231	0.391661961963870	0.431602498825809	0.359321701988247	0.361006696151087
0.403025382623094	0.370096703683044	0.504128397582748	0.445028451407302	0.632075619140182	0.364774319239267	0.324562012755833
0.0463911960641248	0.0943149628697394	0.0444336895493828	0.0687109002294886	0.0432078469520503	0.0547406081335877	0.0835821136679928
0.341928076068588	0.765677990002526	0.419959868834851	0.352228811227800	0.320552597047476	0.504640097335302	0.512665533605464
0.954935462851798	0.789595085096046	0.847815145057944	0.969316731951011	0.983788355563967	0.787510534746521	0.832864824781385
0.653160344656572	0.666724279474413	0.569810992046243	0.967829685592811	0.677615384162449	0.670318388993968	0.904613498537146
0.661028290936990	0.693650592770212	0.787479109842241	0.706239207905924	0.817443595356973	0.883351689088357	0.723595912269745
0.297021537590195	0.358381953966775	0.370140498375223	0.350034998515495	0.376145873449398	0.559043648349388	0.382995824300504
0.390407180924341	0.300171638025579	0.462804862813321	0.348122273326775	0.621186973893140	0.351083215530879	0.298017055986365
0.850007846336569	0.862183134723865	0.776332376680877	0.716050145187774	0.707745745876226	0.679311111164275	0.691711635714817
0.852853612711174	0.850764477466983	0.738630462456441	0.876207671935056	0.742648507969436	0.746149689815868	0.880456926829212
0.729820901672241	0.766941443380297	0.713727764341583	0.922315176518901	0.827013406836552	0.871198357973803	0.924548307619519
0.0629207108940729	0.0679740578381355	0.0753349510377652	0.0643566728519687	0.0691484634035913	0.0930946535398010	0.0812527753704966
0.614774281178726	0.818018381164098	0.850411685730866	0.578434537092500	0.828301321128169	0.580025817365605	0.482673014572774
0.194396214311914	0.117374559309081	0.136614493684103	0.219789301372516	0.219607044498078	0.114120724015701	0.128265055730776
0.231064209184706	0.282076060789075	0.264017389917732	0.207818392596185	0.212457306358394	0.293255814491456	0.252911159241006
0.855545506541632	0.771585382778377	0.778452719195569	0.957738988149154	0.901809496409378	0.791735560655094	0.883961534752615
0.337691968694897	0.273919728993948	0.505228254714817	0.241356081223795	0.398288823407511	0.231675461837489	0.196276913213410
0.168923539504352	0.154929954530986	0.0950515320451555	0.0734028311029317	0.0642802363512304	0.0841794917259672	0.121353654736966
0.570934480371121	0.694244490258944	0.847304452525842	0.564409841899538	0.782517948113889	0.763779994257081	0.543694993460822
0.253736563041776	0.316632226333001	0.125254229447192	0.258742747429473	0.119541698567417	0.122490245506567	0.314620748221422
0.361242401276651	0.328108599688309	0.350933800373278	0.372280732790889	0.374206627749526	0.358258969265414	0.382040915068017
0.983644351945718	0.838929411031524	0.885387545055760	0.847181074586217	0.889568443682081	0.798196744656299	0.791539262851844
0.903792872929005	0.760091582712927	0.693940977012880	0.909265515051884	0.743136321084707	0.675923078915527	0.839179479540260
0.737655217839618	0.655950685252521	0.749589050715894	0.722631142798659	0.827729855789230	0.728569050785484	0.680236385926769
0.390897570379975	0.385343501041338	0.432713054318646	0.467219582213744	0.509373818775984	0.454068711710218	0.416922007301322
0.626959281566054	0.418818765372433	0.216139281174898	0.319454683069373	0.193029479455210	0.207177417925725	0.642889807506086
0.300941796975047	0.198359325729212	0.268893772759219	0.272581628199147	0.622519507623890	0.222190351454071	0.214081451540123
0.587638880213263	0.597260490377730	0.694402248165585	0.620596916890736	0.741683948273001	0.753468673480174	0.617270805784742
0.676085182640435	0.623230700238219	0.763820161706450	0.733251023715251	0.961442230505537	0.778037394512724	0.675191145845720
0.554797616278286	0.512713579106477	0.534023118298750	0.774571269215090	0.719192000712295	0.565253600753137	0.601023484608767
0.450472205569394	0.496516373770285	0.379676881912330	0.323520772419052	0.323148956816404	0.359349102698152	0.346309504003818
0.396703798704084	0.350070427731804	0.507053574027567	0.364079390813437	0.535772292741467	0.488062317260907	0.364401368261552
0.180888568578588	0.201861263979402	0.355343884615892	0.179737941840716	0.312134145417507	0.288798329067080	0.171481076831545
0.474824425888014	0.444076264706486	0.405013691186777	0.626516181304783	0.489002876140854	0.489827254148646	0.795361567918927
0.246168952427702	0.842543881648167	0.298139043332219	0.318083739616809	0.253361029143951	0.662425080667945	0.492666912300111
0.366586477552609	0.340689050451428	0.463986525313700	0.412800519125089	0.648316810848026	0.437510018430927	0.354622854548100
0.627601416819952	0.844931370207154	0.878307451486451	0.621180601869551	0.659147638727137	0.995635399346696	0.775061199974026
0.326549930174899	0.325594813477528	0.816483918051176	0.238676081115197	0.339782008461647	0.330890027793246	0.236804807064439
0.503838805665561	0.718606438300968	0.528796435323506	0.511873960360907	0.444509264906559	0.673506784508955	0.844833449014199
0.956132792752053	0.677645261351523	0.693680711261229	0.987739425518741	0.865848235370640	0.658712380964058	0.816526970819136
0.954159525507511	0.906121302927917	0.864415726368654	0.859728652708389	0.830456292985831	0.810452703425205	0.846228364063407
0.834034912294464	0.346560282054673	0.354447539075794	0.579563973632643	0.404703936849014	0.295560880508561	0.370186850863759
0.392861706021842	0.405171294220996	0.674545779548977	0.380913859697229	0.644092475506855	0.672027173485687	0.383229531559576
0.828837440357308	0.702805425119293	0.674859849840059	0.957145670114739	0.830481492587187	0.696169773457937	0.861334748060102
0.272130046651088	0.615899544361826	0.307105711898883	0.374468202591384	0.286921979188639	0.515677173046265	0.463909192882959
0.633710052665580	0.640753935680437	0.700776470063920	0.752034513309535	0.941015191468083	0.628740815795866	0.570548219905534
0.717146355977192	0.595785341192142	0.509805775691300	0.893448401781386	0.575513560580484	0.499555282287664	0.695306808701783
0.955727360030444	0.971552935135792	0.962709710752114	0.922357889226215	0.915833522754382	0.959295121188093	0.960917273175491
0.727086456083983	0.520747767671785	0.734858631761172	0.591375235496228	0.818038787214839	0.606099900198232	0.546312979252437
0.680570078428564	0.648068605437817	0.605165882282193	0.678025461817446	0.628649366404400	0.588174776874419	0.636576573431728
0.124627530238353	0.122656154804241	0.0771301253516335	0.260129273134477	0.0842130305610045	0.0851478477975918	0.570892489230996
0.610566102962904	0.852600676610105	0.598135702830976	0.714413063506816	0.558875178069108	0.712020003917173	0.927112147047291
0.550926203092528	0.828864521398357	0.664227779580882	0.500596822293067	0.472809277839378	0.815055313777732	0.863765569817539
0.314422860225559	0.168800011837898	0.337026967441911	0.207000397138953	0.822517251457128	0.196171411697307	0.169839250866394
0.179648068615186	0.277070633362332	0.225526131196063	0.165802969847067	0.177817744283091	0.210234753986173	0.178699029167114
0.220352128467875	0.205629917432929	0.219855122792183	0.217369221983796	0.226297757294742	0.242486095401487	0.243504367623195
0.699780604637460	0.733705461472178	0.603934848677921	0.800525247388916	0.637190262703642	0.617866314918373	0.751779355061302
0.194395973662879	0.278895746284988	0.206652066133476	0.188219196758688	0.186886960879325	0.210904279067980	0.199134375117022
0.980799865609721	0.977453599148563	0.974816858402838	0.985681231668336	0.991203849473649	0.986467408188930	0.982940511503982
0.902063944904518	0.961889696110588	0.948871054678901	0.846034379802226	0.929125070936536	0.752412876840816	0.709638702479070
0.283406353937021	0.173874315790734	0.197593104251069	0.290931637734181	0.237068668268092	0.155674213341752	0.175436145519359
0.775849962205194	0.787575905991685	0.847683346462264	0.834013974321548	0.892208693436537	0.925739653941586	0.858297392360323
0.870304404585470	0.948361929434923	0.902605233617461	0.961068698027943	0.933993421527867	0.926399483717869	0.909411483043429
0.439459370664773	0.444628835511698	0.394682070200306	0.503915914281949	0.428146027751494	0.563761438493767	0.961663080193266
0.597495779397596	0.535782045553748	0.640750829324449	0.625658737848081	0.792829016418454	0.624382451786783	0.570599704085960
0.358729407726721	0.369002565350197	0.277603653227868	0.556704442834455	0.303390564246659	0.306552237559392	0.562879230350446
0.138963252088252	0.177959563009394	0.180730440959394	0.142707754752184	0.150296440352750	0.245449262679068	0.176661204694203
0.536574151889471	0.424900004962696	0.530451371446700	0.542431700791934	0.783156202212677	0.527912561681354	0.513679060375601
0.527529104302489	0.428328367816202	0.225102163255585	0.644683292530739	0.232757354749942	0.229138002057784	0.548471915929806
0.115376886930688	0.143372539552247	0.0896688937989117	0.119682018681298	0.0848720688734821	0.0975125989673275	0.165277442620174
0.540027587871570	0.532416430147134	0.865181082269143	0.467209516036269	0.673521497622612	0.805806166992346	0.493893038532447
0.792914001456229	0.492633606358338	0.586192002478475	0.682251982362887	0.715686547331773	0.491032176848453	0.535117267476248
0.184775082204409	0.171390935897358	0.190221670361079	0.207228728380540	0.227850691558234	0.203346627154647	0.198807159832174
0.528004574675309	0.763491957997818	0.563205880294744	0.525407162915797	0.486217882033014	0.610974637611715	0.623168912334087
0.0241445492665123	0.0275764180537113	0.0182470479021100	0.0212803296235634	0.0161162022551381	0.0176844368269766	0.0263153936543578
0.361983281227979	0.330964999752053	0.219680034839024	0.361883105297287	0.228306195677663	0.216797705217731	0.318790961250692
0.625117458652610	0.456574533512276	0.484575228127025	0.571499574655393	0.586367303264178	0.482176677116735	0.532999534410550
0.241875218885563	0.236961645955140	0.299355779229611	0.301451555658402	0.719036480501890	0.555141216322478	0.326773737487972
0.659373517214968	0.628801655896628	0.801578657620455	0.648984307864158	0.842427530116855	0.721777250366498	0.602190440610650
0.417663425608440	0.314301396704796	0.393087646192127	0.427053486469710	0.590473374727375	0.361114758332290	0.361932727456263
0.124322578380479	0.129411362433275	0.145121679443114	0.126377032581841	0.142143847533635	0.163206024840924	0.134920636585675
0.637002780274699	0.739620169688022	0.572048890600418	0.776734364462625	0.581870035115767	0.672536731693885	0.913813503547356
0.645740953841439	0.719946848581541	0.900362887258505	0.632211669785320	0.862436734802973	0.919474619733194	0.640558837291562
0.833480562279738	0.605484470259607	0.767810729170557	0.768147417004593	0.943480968136297	0.657929834893732	0.658774142295879
0.677948491211844	0.646001470932565	0.878111667759757	0.606156610310592	0.767358551420203	0.881864932165301	0.675330331309865
0.991286747681430	0.746036230427578	0.808754841212283	0.912956143443956	0.878826039474934	0.685923782505679	0.744557714206159
0.869955248421832	0.922201107650928	0.993355105075656	0.809870983805468	0.913766098933424	0.969000758306739	0.842177573186960
0.568467742089425	0.712313219164595	0.962851049540839	0.531164782785263	0.747633109552241	0.740565964850033	0.516657167709074
0.225270625281159	0.132123310731074	0.124695110259081	0.203360558248183	0.144740607208863	0.115415186668733	0.151868701454032
0.436189104108623	0.358258820151392	0.480391768394173	0.428414107487502	0.641080070952818	0.430063084732476	0.380664274287961
0.851427961861860	0.957710972902695	0.878318837722826	0.733520931202346	0.731182914649695	0.843511709068662	0.821019401441083
0.419251137020889	0.189021854813510	0.191442430126809	0.199645881994081	0.171248160526820	0.148207718798745	0.171364379342800
0.340496109511469	0.352995537196336	0.585620318282909	0.295494233709298	0.403614744128570	0.632408907476967	0.329975281417833
0.749155608594271	0.720470415457770	0.656541261372466	0.986623547544993	0.806975786975970	0.769293700444264	0.966471986909258
0.638211413540773	0.608195816876902	0.506313697434678	0.921562431277680	0.584091781197815	0.547213288547197	0.806292596514217
0.0584258740607763	0.0895118391034561	0.0546341963050117	0.102853084777260	0.0569157814075088	0.0790266034796329	0.222187929982210
0.711601747329610	0.795946943263047	0.638163171661285	0.919873635176900	0.696052890619234	0.777658013449219	0.999773122694756
0.126296553477006	0.0675182838198411	0.0743905890697642	0.126291573448999	0.101453497100315	0.0567370912755420	0.0637386974643527
0.381251060716259	0.592039187874631	0.469004211024685	0.364273723658784	0.375083873239063	0.505752241336475	0.425483118086481
0.933390909429978	0.404241551621901	0.389914227439744	0.500588420248099	0.395627669962202	0.329661647543261	0.404338152089687
0.456029058533168	0.369337708026259	0.353246013534258	0.548894031849622	0.431427286685669	0.332227417210433	0.400292883883605
0.0463245151909425	0.0733972366239569	0.0291846136295992	0.0755747431906108	0.0298618397156972	0.0311425052036339	0.111922643905894
0.461048703396009	0.513080007014194	0.670206393024899	0.391688085379714	0.491781485486479	0.616254138294828	0.424310773237634
0.711765298502615	0.644631523740438	0.713617876647482	0.617776628106624	0.682697056242641	0.663404028841822	0.613545882666124
0.693400371275010	0.960716824792760	0.820885288064655	0.689935911874923	0.642898917302225	0.939003561777349	0.988061285755543
0.194259864392002	0.202200568120266	0.178781963948896	0.201936531015201	0.180638337323883	0.198288281508748	0.219900778839496
0.337231208885612	0.340312575165820	0.571492609745455	0.316917283720237	0.467702188168373	0.741403844752506	0.354081077910303
0.271840081033792	0.258908215359185	0.461636466792166	0.270478769477532	0.590434873089345	0.481908418747287	0.266241879188127
0.310729619680607	0.322275934749610	0.530024065245830	0.307846150177216	0.541128809559140	0.447919855288759	0.291498033965174
0.191183986938994	0.168484657185730	0.202950111155796	0.239239106386358	0.306431244662056	0.198834173040886	0.188389541510827
0.0287248981313019	0.0375122461477154	0.0749181050345688	0.0229764864495824	0.0340893550373954	0.0343367251520280	0.0228596236256173
0.446639858902977	0.462240310115620	0.724249905200146	0.468617095421129	0.794745518308180	0.739625697369559	0.449404181948484
0.354287103615055	0.328262236131950	0.139175851063112	0.426729466144355	0.140657143664972	0.131389311044081	0.243640193394703
0.847887573061506	0.790151312282983	0.641540663384272	0.961063073809759	0.690976447063867	0.644593280605354	0.868726544739881
0.970769506217785	0.617731147112563	0.774042357413371	0.553846352969383	0.618854380147123	0.559762299264612	0.528610767442621
0.862068115311155	0.840234185016266	0.768418672980408	0.977334498735912	0.896144772742441	0.822032617667374	0.914135168141916
0.737746800288868	0.916893129826827	0.823381224638666	0.753635480321241	0.717088627617684	0.987872349578835	0.973930177058907
0.753763057995877	0.650448286543296	0.941451837266713	0.670990688056783	0.942286885240705	0.700281073594755	0.585425958662330
0.135826195774383	0.185273055749394	0.363498388130031	0.116600563458272	0.162170205700034	0.181439460981904	0.118975382673679
0.864599585486775	0.951502026241010	0.923592829479341	0.852599870890751	0.848975763223258	0.952320345244199	0.926532588931345
0.772166261330964	0.541995705034581	0.659645255280740	0.730726801046178	0.859712516711099	0.572243661213547	0.593560772481158
0.966898291496907	0.944193528446193	0.969813683925113	0.857676509132284	0.884986385575250	0.911015389406085	0.883615304924768
0.360555145860702	0.490733039334615	0.460470441401268	0.373160826439439	0.382012955014063	0.501376202054974	0.424475931087654
0.366558295336843	0.515113287543038	0.424462034222299	0.378159075078860	0.354860083448513	0.669212276649350	0.607257385884040
0.113339447766165	0.0615064678171188	0.0644468611949348	0.144521857052948	0.0869968437345745	0.0560256737437060	0.0707635824773016
0.890033580392549	0.863785596585130	0.711597364339308	0.920818886051866	0.725688888217199	0.723622053489959	0.924772431183198
0.864269962201477	0.612603321631444	0.688092762401465	0.808424512257642	0.802374812452389	0.589887309053083	0.642079416141701
0.0980583880235978	0.153855090575283	0.0572668998612290	0.194997973964478	0.0638883423356176	0.0584596982573917	0.104499667897575
0.469250243061154	0.847555504869049	0.380378669207247	0.692814938524418	0.402668091220906	0.425984883263965	0.700225073689456
0.909786854507334	0.603844606355406	0.281444744186870	0.662246344737508	0.277452363602827	0.249479725250617	0.395804328828332
0.0857373285532716	0.130880814113255	0.229377143591313	0.0810461673370585	0.116474450428498	0.167873571318389	0.0849047507770724
0.257722128049188	0.246116955919736	0.367549304686209	0.266858252213392	0.614311154381914	0.268059938535537	0.214478867551072
0.699525993617982	0.268850046553825	0.359859625715350	0.335892531057090	0.377479332832397	0.245169433945241	0.248798897538397
0.239788281279809	0.239219898587615	0.667688589271204	0.219713285003755	0.402767302226555	0.478855754496421	0.226653137461408
0.661613936799701	0.864738453925546	0.998846729024088	0.612066795227978	0.720450844951995	0.996453049699314	0.703004391018124
0.932604565212230	0.852108965473693	0.992669193582314	0.838482803164345	0.980392716576616	0.842118121736092	0.754152585217828
0.327695596105538	0.670133672897646	0.373225810572971	0.378122148412763	0.322784099522364	0.550473979394697	0.547286633863654
0.740866942753162	0.624571281191967	0.940539829462419	0.612524605497684	0.860123620708379	0.672555215459080	0.553483419934252
0.646680284780910	0.601123962858175	0.663489032547075	0.637896961002418	0.686919319315242	0.656557600565641	0.630572791703042
0.808312149126358	0.782287936514157	0.529936718701569	0.858230612948874	0.524430806807642	0.541442902222260	0.985456950514749
0.490139807161098	0.886227523687289	0.540688142226491	0.532436112519657	0.471417654533324	0.611838910910635	0.634278202982618
0.827832323400504	0.622427448638956	0.890645942454966	0.624402613912218	0.866882391923011	0.742225956364364	0.600455612530821
0.955345837060836	0.966804989959691	0.944453845557129	0.931707425387308	0.927513252516385	0.902641372432530	0.909186957080075
0.110082313992270	0.216059464905785	0.134570728681599	0.127387709408688	0.108118149383183	0.262707888293852	0.570836633882231
0.364161388153881	0.347362929109646	0.435738898268778	0.344319062563958	0.430347829575425	0.405122788393824	0.335419921247063
0.932834110407862	0.955218075435126	0.942189865246075	0.986916010801913	0.989855647678635	0.973273592314719	0.957139158310899
0.293089818307963	0.459196179199023	0.354478969959220	0.341253721868099	0.313706365491670	0.545146143920770	0.439923122280153
0.414972635012655	0.517482897483824	0.322285260931052	0.497377934535691	0.318877677569682	0.346457913161286	0.601542593515676
0.808354369364270	0.747532137608923	0.569305736669819	0.780746413867068	0.558091264736951	0.532902667406685	0.720262361570523
0.713272123895006	0.746391367839729	0.410847294572443	0.537615501409035	0.374940487880652	0.410051315820319	0.678778341671463
0.372973512988717	0.189696555981815	0.233380649769345	0.366362220766756	0.401709488342292	0.188791691614755	0.212759010103203
0.125187660738126	0.0653263680684795	0.0832492595190904	0.0964480400300135	0.201958642726828	0.0748064633349619	0.0816233750456651
0.211776791264196	0.220229208782235	0.266457377770203	0.242586367361806	0.314291608178961	0.449596016500146	0.274479407885599
0.916215100819379	0.913896030816067	0.956896911446138	0.888316205197327	0.927680555051089	0.903889259463816	0.867518386466464
0.843458544276272	0.594661894554267	0.544345804342033	0.762514037312439	0.575319857226977	0.462889861501875	0.559357067397456
0.488132016469842	0.363266543777505	0.393682921678226	0.497166820633422	0.516128822957315	0.396096837553176	0.464627771027320
0.238949851174930	0.298273738449609	0.214828820732948	0.467243423747026	0.254116457407008	0.280494031120587	0.430300900780404
0.725936951051799	0.607472261096469	0.572080626452390	0.929789077908769	0.717008130050635	0.591195400608575	0.773985920020414
0.822949587534207	0.499134014967137	0.508332827854768	0.827990069334439	0.669605120101043	0.488758050452370	0.653920421280792
0.305473046164543	0.779538486794482	0.287281720598406	0.351179268013981	0.252498806629612	0.329541157342075	0.657729271666528
0.142524991066837	0.182877366980445	0.232317455021251	0.147263134828127	0.191124603853385	0.359486150638922	0.161020904584738
0.132377023534605	0.242220816254489	0.135750856492549	0.176604016292623	0.129681286028607	0.266496689698796	0.432376826943672
0.418026251025405	0.586392221571344	0.603109199645436	0.390230309065258	0.418462916071532	0.701430346633754	0.505086084355522
0.412109171973556	0.484498358873898	0.372777750722841	0.249973049353947	0.242731366326104	0.367604233975776	0.375332280929957
0.591333452469999	0.553492879463791	0.387708794989133	0.524810268761681	0.386621432782057	0.367359088296559	0.480372228085867
0.396699783664891	0.305999029692237	0.450782811995699	0.371976328494329	0.805467549876619	0.401105462538830	0.342421402767108
0.907076011349360	0.722880685273054	0.643111641572819	0.948841917530664	0.698449550227207	0.601048860597381	0.777146440140074
0.506175236901569	0.287130457840207	0.236746037890416	0.454411639284263	0.264035068756200	0.237381285355472	0.383943862389807
0.667492508453828	0.719153685262011	0.723876408777335	0.673406679101302	0.693401143367042	0.760238042542087	0.711556426991232
0.431149501151757	0.466964874411735	0.339141904516966	0.475054287516338	0.343163287842565	0.348267985131295	0.480933407391951
0.822388529284361	0.917897798330987	0.927602861495667	0.693933385037898	0.795480598044595	0.867722252489567	0.729180222121572
0.942375133774269	0.881018615209654	0.890929663377228	0.958329385268770	0.951521669013242	0.907150442512455	0.937559238963407
0.558976993593061	0.547060335048758	0.793090456993031	0.459498538932481	0.573490540720798	0.729028667885608	0.517254402550923
0.990806171345867	0.916602248691571	0.917171360109887	0.948371474729932	0.883361196890678	0.828444736433158	0.903068748626668
0.266846197693493	0.236866298830472	0.370760092062732	0.256417874437316	0.428031292400553	0.266395206366807	0.218192642130913
0.920529742871275	0.924211258903050	0.855893637338293	0.931486185470442	0.849706100608890	0.802324814747401	0.873219340172905
0.0804083032143972	0.0756050973283623	0.121047654160573	0.0806881605351928	0.158050223418781	0.144745117518207	0.0826929319308535
0.627765540461802	0.462025715027479	0.613162570444408	0.498438392341135	0.664935545687398	0.534040352727476	0.465403416570693
0.0215221162162815	0.0285801304038161	0.0198442900489466	0.0224429371583769	0.0190589295915588	0.0193835731527340	0.0219298228079787
0.652265970728798	0.798404198233841	0.778860985372781	0.668929175008357	0.679616345049245	0.936017869922926	0.808280550035548
0.242219644725858	0.187600606371463	0.355702494595188	0.210436587875137	0.723183790809781	0.232031338169168	0.179209500791232
0.145371870485505	0.151418373808679	0.0855423240852641	0.171739143827478	0.0876303368304641	0.0868951901378392	0.165392246853951
0.190893917390570	0.257102350971933	0.203339222124721	0.169588957788753	0.170751975628456	0.191501857716862	0.181603467162106
0.943530489924328	0.747674646180683	0.652856307589598	0.959640952398152	0.706880175711207	0.564534768614354	0.691436563311207
0.211184981515732	0.253833649304263	0.460591351811793	0.197770890831196	0.278807213511744	0.441815635393781	0.213763519227956
0.266292978159653	0.298798314737022	0.385247150419822	0.285566257686819	0.375260248868279	0.506587315162567	0.298104859773207
0.898364013673368	0.853018167550004	0.990660586545924	0.768418599999532	0.915272474113100	0.905019014446471	0.768335147059746
0.502759874957518	0.644799523998500	0.584076829816873	0.464305101483100	0.486488001044965	0.562622019781525	0.501150094646019
0.877528038904496	0.896581895299351	0.946552848393329	0.833598350171522	0.886327545961393	0.975320760756128	0.909464806507279
0.0593945214724364	0.0488546256526904	0.0625581197980244	0.0682388004893001	0.125113910108018	0.0613903606783589	0.0578529030879383
0.394829753904011	0.611215409169903	0.498120018396868	0.390665023448660	0.402220101486851	0.507493329425144	0.436751928242895
0.423463225795786	0.415571676367377	0.410850167030807	0.574758073697168	0.506410843603129	0.492401349526726	0.572254745571166
0.597037265369102	0.607647148227619	0.671931341601234	0.539963275638967	0.595665755242371	0.639758264731224	0.565067159777179
0.862597922728636	0.879167662209272	0.983612874118517	0.831928128071149	0.955070890869063	0.954168622857881	0.823816567226359
0.181160262528027	0.113172619383600	0.147054704712740	0.191356061420758	0.505552894450823	0.120959253861232	0.126098827482582
0.255564283892564	0.413896077454619	0.325708261496627	0.271678028928724	0.282145443638676	0.377475657894735	0.300116777533760
0.00177705341333664	0.00267686331333323	0.00356306460004151	0.00137413258139364	0.00149724346068272	0.00377696011460194	0.00212202483321056
0.602531522805336	0.704921695854866	0.542727975150898	0.959933977286181	0.645341649246231	0.708968279300274	0.951107357890273
0.911986667018945	0.998940753796817	0.935460268008568	0.829593398011505	0.836496194755555	0.779090958168665	0.766299363331997
0.266658437542076	0.295331071290686	0.199649066959394	0.371817575528362	0.211203395551597	0.237381877456159	0.751304162188150
0.150396158667459	0.122099642605399	0.157693830995835	0.146504002806251	0.215293587132375	0.154152365858225	0.138864837140935
0.308830189733778	0.370772588813343	0.474035123807492	0.301574350865073	0.370989695486303	0.665718774640260	0.349319542642626
0.519608249191770	0.141276145566960	0.183152279992435	0.482514875219198	0.254185939402642	0.131050096267324	0.151340560497478
0.632703208896901	0.845815068363299	0.520800361221559	0.483525022531471	0.437844046004685	0.453417613930637	0.496720678257924
0.975292985920229	0.787137392535882	0.662519692373189	0.840993383467818	0.671198023613639	0.642241618563124	0.808652252912191
0.583067048247621	0.675585706552551	0.706258507988711	0.627532763162144	0.701577223189618	0.769348515133350	0.632868793441147
0.615119454389202	0.801680164543256	0.935862710439799	0.515307778545391	0.581277862999771	0.995728656630740	0.688401497692848
0.675495274004500	0.787074141020746	0.759628737396989	0.672120328666668	0.717270415802800	0.694128762926086	0.639570217855257
0.724980707287748	0.763819626294101	0.966067192322803	0.750763859951093	0.974493927259284	0.990235327220392	0.729321726243568
0.639134360117684	0.626465645904151	0.505383170584890	0.642653977935989	0.503153438204198	0.573841142099165	0.859845708085369
0.623066094441126	0.756841734855554	0.649656723594003	0.489702902905429	0.486696114458509	0.671368891659294	0.626955379414574
0.265344464452735	0.133137623351600	0.113671482281797	0.260167341544865	0.135249226425365	0.112972277845135	0.180591372909388
0.460474258490756	0.621279051633024	0.625806742417292	0.453902360306210	0.482330753221649	0.790000952018388	0.573306546332579
0.157701921006503	0.188187071470357	0.231494351340053	0.158191027483477	0.208430911187181	0.250588343704308	0.163566156384053
0.697958474425935	0.757887462455059	0.585033253501254	0.916170664808192	0.645516678038162	0.654929218454750	0.906051735575510
0.165709930939358	0.0863746064906712	0.126068699618245	0.115884713635931	0.148599976179268	0.0783443269180274	0.0773427851333207
0.655563731658161	0.301205302109173	0.334026732957489	0.371604669038261	0.367911710628544	0.299727815505074	0.338534650141676
0.818554021310236	0.743705197666192	0.884162433426458	0.660160243616049	0.799981179279280	0.646473079338378	0.580617547397133
0.678874966896652	0.462254417036619	0.414133130979798	0.577038518043187	0.430416244133748	0.372407826858808	0.475235157492277
0.499026532796210	0.580949954506860	0.420671776527096	0.740802866630894	0.457702950462617	0.502871257510470	0.805320486225532
0.582247416963456	0.499579793820808	0.408325572421628	0.603159368417553	0.452308329704908	0.405372847921690	0.530778140974806
0.254872784611234	0.235179062665859	0.131808560753238	0.426213970480622	0.136729635206971	0.126757411175246	0.227310331642288
0.785354730743810	0.790339229135075	0.965650202153792	0.736231297771353	0.923109599870766	0.872940917985376	0.709484975196481
0.0824172258963889	0.0898278956182238	0.0563825611311945	0.0920095987889256	0.0554475118018620	0.0605741579299413	0.148632553204850
0.476906744717479	0.431592272195813	0.411372545658633	0.693008043573834	0.538514887194065	0.475267954635143	0.658116181223384
0.281643238889707	0.278610320422593	0.223873805983883	0.380611265996180	0.247479727631560	0.265534111863930	0.633982547890093
0.158415093288966	0.222709352519325	0.178574649338222	0.178422086913806	0.159996504917826	0.227295027192170	0.229306251465772
0.0942986811490540	0.0979018763253674	0.0632152818720691	0.108228862443381	0.0633661513961678	0.0686310367908017	0.182228015272702
0.168843240666860	0.152744815487379	0.221245392013452	0.176229091543695	0.314750830052509	0.218021319721489	0.166352507736450
0.140552777532428	0.180738341872695	0.170938528445446	0.148747832366921	0.159437099760279	0.174568491537741	0.149607091618741
0.169202026436664	0.202475357925946	0.165241483696366	0.195483694660230	0.163784925062918	0.178452591485604	0.202747397742598
0.779850207659185	0.989678556901716	0.653118836302117	0.934316876952185	0.699584980491249	0.727102504966815	0.954958901813773
0.0108773606119281	0.0125961942399406	0.00947451592694157	0.0151497905318464	0.0100974536631314	0.0109008701268942	0.0159083388094849
0.873330046580582	0.968752256929415	0.769042121803775	0.900895256025130	0.730424575157519	0.776841063927066	0.957514350171183
0.00784383663149519	0.0162021889511509	0.00811133977331541	0.00958694120390172	0.00717139792053507	0.0110879584375311	0.0256922853702279
0.828525170004845	0.919351673956089	0.877436518201399	0.877006654549414	0.850963083769468	0.986266223078631	0.971110663095709
0.351821242258402	0.253098045690878	0.322770271169246	0.302882872532701	0.413671663053816	0.316437285435291	0.297595676758473
0.533147644371868	0.486995659528131	0.454950236193965	0.590265483146977	0.520977244413727	0.454452683175172	0.525073079219425
0.935463429632579	0.913094827027539	0.898984891858448	0.917702868421183	0.905164973961354	0.842132574212491	0.862339211479325
0.960045099942977	0.964214703220870	0.943851340516946	0.998249095362070	0.981878822941694	0.885870136749046	0.896404903464912
0.283238581628989	0.167265409224307	0.157898438991096	0.352127605516130	0.180264286214528	0.139653985722266	0.189010555411161
0.540927805161934	0.627731657283899	0.676834048590230	0.548915251552654	0.599760660595385	0.896775327118569	0.660719557448035
0.833243018080681	0.861650770154480	0.801014574648364	0.991800718901687	0.936313422563930	0.894322053594688	0.941230937873485
0.698243026623592	0.929150092667514	0.762541424579741	0.802597790662065	0.712218666493652	0.987660817360437	0.975707125670632
0.229542048638138	0.118281464004075	0.198637079488711	0.154093181476189	0.277385988375775	0.115222314574065	0.107935253017744
0.224543921992639	0.222273758777141	0.635484023388570	0.189179392227957	0.353178334396419	0.272468797023617	0.178899228022263
0.679637815638587	0.843310273637228	0.794015675644097	0.692675874147723	0.735911062406190	0.860894388378004	0.746551427132036
0.0290729229389291	0.0631171839820925	0.0363442485958467	0.0345503385101880	0.0304639587630741	0.0667881564884574	0.0494685225319500
0.294931160686768	0.0785297720752362	0.0463823646222437	0.0591873398424040	0.0419109201052133	0.0445071254151734	0.0712848819635339
0.787832943634617	0.501296562246816	0.569465345274986	0.605078411718288	0.613034059914519	0.461699168786384	0.489125519571328
0.569922542270139	0.846603902311681	0.691396716013481	0.652587805857857	0.596328520076436	0.973648009114914	0.849893821239637
0.720287955021235	0.739359636774515	0.728633331897211	0.866969925929403	0.849033188324509	0.976559496668585	0.997041443878000
0.00374181238745117	0.00537088499928786	0.00522570003586244	0.00380725416000407	0.00416836294691171	0.00625556625765312	0.00439261258217538
0.349501180044431	0.465744258072548	0.391653711918529	0.420551402733484	0.373237908716062	0.574578648203279	0.542607464059079
0.715008607292442	0.814045590042640	0.870979704693768	0.711902690687241	0.759024503123127	0.991267056940500	0.861348176416565
0.537675686980399	0.620592683649155	0.459974703833704	0.820067029645336	0.502517359893317	0.554088511544640	0.909139024470062
0.406671840525918	0.510294543709394	0.380573811875400	0.435595885669278	0.349325317277445	0.465256447121072	0.845350562277612
0.817131842194047	0.754350240097736	0.681003700373253	0.878441874356365	0.738149396614762	0.720526664220958	0.878872884638524
0.461416617066541	0.646251944827083	0.416339555591458	0.506568764746687	0.386621983429830	0.499011010636439	0.746182237657744
0.145528390653676	0.120733464759643	0.255862045243356	0.127065478494098	0.383867204281736	0.173415225029358	0.117489380198907
0.586219714384191	0.538380650693389	0.785260516474247	0.524860715203841	0.748855590615885	0.668539986083757	0.509022256836494
0.127927216742931	0.286317151872574	0.167364864012248	0.156955482505465	0.155201578423561	0.299162247864985	0.168831763959386
0.764908926692356	0.769940825709799	0.564748168201342	0.911822916081193	0.627440988429485	0.584180111571889	0.831111503195807
0.921319403155267	0.815585943633116	0.787295400727057	0.963417116648606	0.885169569973486	0.810127782899678	0.928010856738739
0.231456584679993	0.145686526314569	0.172136634863609	0.293389293849039	0.374564452085387	0.150195741383907	0.169484428844022
0.669126124956972	0.878756970776639	0.898978793685721	0.526136831894657	0.536112864632890	0.931312018403944	0.883737320045210
0.382230409215355	0.426858001864577	0.383946352634576	0.439589139266241	0.401146140851423	0.376323803952795	0.387862894629115
0.417384376146782	0.533532141957077	0.829224948486568	0.287386157251418	0.322233317089407	0.553297270379958	0.382569460225602
0.277399568312847	0.325966620683381	0.581847152971450	0.240795048983702	0.320818857183282	0.519813715144738	0.271452923967019
0.983519114637030	0.967798934004010	0.981671974566287	0.770347521524074	0.792768725583261	0.899731135272192	0.867883142835154
0.629542701744477	0.630083175181527	0.636144131926197	0.701986018202615	0.684799794913065	0.718121984093152	0.741502457210890
0.349422544388828	0.381215712619302	0.383329018521535	0.393900923167215	0.393097826563768	0.479489717385298	0.447872730127646
0.677580302806637	0.869458197585002	0.924136167843959	0.696205415485559	0.823950953830914	0.959054457623187	0.709638857830719
0.695542564156236	0.760114509124221	0.660973077825946	0.775557717811922	0.668797693172527	0.823812589839170	0.944331282902017
0.123794995923073	0.136289054967572	0.115394414729838	0.156020065066074	0.121813926955971	0.134762276338623	0.174117873471634
0.215432954350801	0.254115298778234	0.279412846880411	0.246073634624038	0.280574872119804	0.330407921505442	0.244596283964325
0.754742821973544	0.727877348192336	0.915739048948016	0.689339642743158	0.871114683438783	0.762876770572881	0.640929124395263
0.816936220479880	0.764701649479783	0.710804231249180	0.904515942329721	0.769767852842031	0.695531536713323	0.808612509899044
0.591637307948602	0.709516604338420	0.616372359717150	0.722073994077191	0.624020782242203	0.806202409585395	0.853371006453131
0.283508828230118	0.259465966722886	0.227066559838442	0.536736573325421	0.290247121950690	0.255506763235327	0.398117646920762
0.156828750524258	0.167527326671280	0.287082776667695	0.128761849550093	0.195216932824317	0.147894082092247	0.115493808747709
0.289280692001579	0.0791227679670670	0.101780422133099	0.100749712227018	0.104936751584705	0.0746139887395140	0.0802809517729943
0.338438928842767	0.512766009844638	0.346168238076402	0.312843543391064	0.282916111138543	0.330333145760827	0.360467620079557
0.765799216739420	0.969906415310804	0.852515952844563	0.686791799444137	0.674398669212663	0.849427185229446	0.828905549640201
0.347727316113988	0.297729528627306	0.355114846493385	0.230574320795319	0.310688756577517	0.259492556127000	0.214609706276641
0.732870534148361	0.858843167352919	0.659883077899296	0.857661624954287	0.701382550817939	0.680047287223232	0.791040323906674
0.698841288822083	0.841826918095546	0.776032516825966	0.569803459689756	0.577357759027228	0.688362863632346	0.654688314176377
0.0190263196034452	0.0492304328641728	0.0199780287841704	0.0193239934179041	0.0169905104337620	0.0253371798629205	0.0261464480617988
0.885521622521223	0.864686238588464	0.978901543253314	0.826047117929034	0.953016814349365	0.894090828134214	0.785776285897775
0.999930946384908	0.889932402499206	0.903434043019871	0.967384527927235	0.931685650522422	0.855487917436827	0.922563045272989
0.731151596941473	0.377923224644001	0.348218776776064	0.650426419986000	0.409774699047703	0.332718566502190	0.492313130975707
0.657962283182386	0.950991276855159	0.746988262936340	0.676366990715150	0.624058547528578	0.817420040417430	0.834011655118891
0.236640974127226	0.137479247313285	0.172818278891432	0.152354460668395	0.182008382127800	0.135414843517734	0.131353685343350
0.962352205880361	0.942727715538239	0.960681915080006	0.905014414877350	0.946157416083737	0.777061828301491	0.759783471182520
0.795286110294876	0.804579623072862	0.831932120295910	0.891139694894069	0.908625138852786	0.942669756140191	0.925736180672750
0.734857665471259	0.886252029927753	0.836447752362903	0.689416676243419	0.686984697973878	0.880135134313295	0.832707574402226
0.232376901101827	0.275870555507688	0.359681202525584	0.242892564965312	0.313138552319161	0.466468668595828	0.259401160852536
0.267113339652909	0.233452953282227	0.491372741461348	0.236914081993842	0.487219563188437	0.292552014180878	0.213021767362090
0.303951980476860	0.435633284546707	0.358829878668577	0.332502712624696	0.303608507725975	0.502617773127735	0.522314781683827
0.364282224539774	0.343896656916695	0.392542738279373	0.398204153243531	0.460282164942835	0.430255573035124	0.397357100825043
0.428345705446522	0.436535520988706	0.420091289717751	0.507735251536081	0.459432613341543	0.447871564649581	0.479109782553590
0.920649562339987	0.986115326579084	0.914956473928861	0.996203232858131	0.976502642260388	0.994265858147416	0.993903639578547
0.669511846835105	0.767441982463475	0.888470528896596	0.564947271013358	0.664813605027573	0.763813634300975	0.604478457779412
0.787644224171370	0.830448522681165	0.822663321657129	0.788055690421175	0.788198880269861	0.968034028174590	0.944908646327276
0.907462519336380	0.542118396127972	0.729939126155995	0.533264970562381	0.700814183111486	0.564679526381109	0.490442215138490
0.476842510925824	0.662443490803022	0.392581167998202	0.350991746240040	0.310133176553923	0.372006552764658	0.437946559772269
0.950832963450284	0.830081888187592	0.768720946546327	0.986913899171348	0.798461139540288	0.661866727478989	0.772655572388859
0.682856883634928	0.932771118669081	0.663156320710693	0.669026651761390	0.584327534610569	0.664433624578178	0.744066567298336
0.708431711010304	0.481170468272147	0.785837355756785	0.471846526305510	0.677037695082041	0.545218557019803	0.442904067510999
0.0601077205736292	0.0517192796775295	0.0739182056824456	0.0645203898709816	0.127635609290513	0.0634292132905159	0.0530000525100436
0.139674777069247	0.0967844984621005	0.157961448337832	0.104106432793712	0.166343628304915	0.101739650298561	0.0878218441574162
0.484612727634798	0.565104513197916	0.485919773029484	0.713243075491277	0.542766584610965	0.695086352222192	0.797985957677618
0.674647032479600	0.542787658256074	0.535765971070224	0.777985210135808	0.652585796093973	0.532253672253556	0.655582372961194
0.0418438152662886	0.0352536615287571	0.0518272992415897	0.0422813817526042	0.0828587110404571	0.0371343805161081	0.0323355534464184
0.645988138508403	0.483553535021185	0.425088534437917	0.807614808968284	0.479822541671854	0.400719047507412	0.557066829681192
0.427917342885239	0.491513392040149	0.325972979077126	0.434542695909171	0.308945812603888	0.363943627275223	0.719801554892191
0.145539339607339	0.101458948232976	0.114945055366338	0.118437364872393	0.122343227140503	0.103334548166244	0.110408048956958
0.286501064421788	0.238337905926487	0.528491933213506	0.246110616500784	0.546354963671070	0.290493227336079	0.216647376280279
0.674411675262641	0.882730140070095	0.625644991837492	0.673082439342501	0.566031568341676	0.679873885466256	0.811020215616459
0.238176844653070	0.135163907088757	0.168673264369295	0.164691235313476	0.197353152460236	0.138613405553678	0.138661882869267
0.897259564810053	0.885642439808662	0.727092805887291	0.849754401705618	0.670532516557107	0.682270323814844	0.881899200733092
0.519035044217003	0.459757102457562	0.390569783884982	0.696494525180152	0.462512800837210	0.469831129631696	0.923556061690306
0.0101613167262653	0.0137843125915821	0.0143109142539032	0.0118701780376489	0.0132300296823193	0.0294766103691480	0.0127555628361417
0.344825493938069	0.392452559836895	0.625052031203902	0.326381400748033	0.433056932800818	0.847033896749343	0.377159253042995
0.207158021438294	0.246155917067753	0.139538367652048	0.152195796539624	0.117477071411793	0.123930232421378	0.167811688977599
0.366833130003875	0.322156075031956	0.265628816183703	0.747254800966076	0.328969951089285	0.294382367033125	0.540222795744860
0.104818008268604	0.0940781366850972	0.0830457274495871	0.102918842457945	0.0853179481522038	0.0831424438412172	0.101662434927830
0.0796357752596012	0.0720151229457868	0.0536383336487591	0.0371883749965003	0.0417389854076338	0.0474351192167325	0.0392677458897454
0.796547139112126	0.870295011974829	0.735801682246265	0.947330159785853	0.789008258025876	0.805741590513510	0.933229111773545
0.904650853633518	0.994438493551716	0.897958168274250	0.973998047144820	0.901448031345692	0.935224150781238	0.971591882864217
0.110230885176655	0.369267731067127	0.129227121668325	0.125925100321236	0.102494322458388	0.183482370164966	0.360928020047589
0.739886774117941	0.636305590425189	0.784891697661975	0.801307721205276	0.935484059845798	0.678292455658938	0.644205403766746
0.114024543881857	0.0621568511210322	0.0670566216678014	0.0892597546488503	0.0745547149407460	0.0568224351439295	0.0679473020936823
0.111172387820565	0.156132238315146	0.0945870485812865	0.139835149488265	0.0921040658232097	0.109178308357383	0.207911996415632
0.0800209054982372	0.0428862348052344	0.0397867819325709	0.0460274743931840	0.0388722378019932	0.0337336666019645	0.0396038467757357
0.629856240854636	0.416827774367788	0.636638487335178	0.450697765283801	0.761303993382800	0.618129793525382	0.469359313223853
0.214313022659288	0.169810506873041	0.351468530272621	0.190067971989739	0.524644375321494	0.183654396100095	0.150096722662633
0.988262526993912	0.988280741980722	0.996046844579617	0.924306313550972	0.901275084929607	0.955472214724029	0.991306921184190